*Heading
 /home/john/Projects/RustFEA/examples/meshes/bar_block.inp
*NODE
1, 0, 0, 0
2, 1, 0, 0
3, 1, 0.5, 0
4, 0, 0.5, 0
5, 0, 0, 10
6, 1, 0, 10
7, 1, 0.5, 10
8, 0, 0.5, 10
9, -1.01, -0.25, 2
10, -0.01, -0.25, 2
11, -0.01, 0.75, 2
12, -1.01, 0.75, 2
13, -1.01, -0.25, 3
14, -0.01, -0.25, 3
15, -0.01, 0.75, 3
16, -1.01, 0.75, 3
17, 0.25, 0, 0
18, 0.5, 0, 0
19, 0.75, 0, 0
20, 1, 0.25, 0
21, 0.75, 0.5, 0
22, 0.5, 0.5, 0
23, 0.25, 0.5, 0
24, 0, 0.25, 0
25, 0, 0, 0.18518518518519
26, 0, 0, 0.37037037037037
27, 0, 0, 0.55555555555556
28, 0, 0, 0.74074074074074
29, 0, 0, 0.92592592592593
30, 0, 0, 1.1111111111111
31, 0, 0, 1.2962962962963
32, 0, 0, 1.4814814814815
33, 0, 0, 1.6666666666667
34, 0, 0, 1.8518518518519
35, 0, 0, 2.037037037037
36, 0, 0, 2.2222222222222
37, 0, 0, 2.4074074074074
38, 0, 0, 2.5925925925926
39, 0, 0, 2.7777777777778
40, 0, 0, 2.962962962963
41, 0, 0, 3.1481481481481
42, 0, 0, 3.3333333333333
43, 0, 0, 3.5185185185185
44, 0, 0, 3.7037037037037
45, 0, 0, 3.8888888888889
46, 0, 0, 4.0740740740741
47, 0, 0, 4.2592592592593
48, 0, 0, 4.4444444444444
49, 0, 0, 4.6296296296296
50, 0, 0, 4.8148148148148
51, 0, 0, 5
52, 0, 0, 5.1851851851852
53, 0, 0, 5.3703703703704
54, 0, 0, 5.5555555555556
55, 0, 0, 5.7407407407407
56, 0, 0, 5.9259259259259
57, 0, 0, 6.1111111111111
58, 0, 0, 6.2962962962963
59, 0, 0, 6.4814814814815
60, 0, 0, 6.6666666666667
61, 0, 0, 6.8518518518519
62, 0, 0, 7.037037037037
63, 0, 0, 7.2222222222222
64, 0, 0, 7.4074074074074
65, 0, 0, 7.5925925925926
66, 0, 0, 7.7777777777778
67, 0, 0, 7.962962962963
68, 0, 0, 8.1481481481481
69, 0, 0, 8.3333333333333
70, 0, 0, 8.5185185185185
71, 0, 0, 8.7037037037037
72, 0, 0, 8.8888888888889
73, 0, 0, 9.0740740740741
74, 0, 0, 9.2592592592593
75, 0, 0, 9.4444444444444
76, 0, 0, 9.6296296296296
77, 0, 0, 9.8148148148148
78, 1, 0, 0.18518518518519
79, 1, 0, 0.37037037037037
80, 1, 0, 0.55555555555556
81, 1, 0, 0.74074074074074
82, 1, 0, 0.92592592592593
83, 1, 0, 1.1111111111111
84, 1, 0, 1.2962962962963
85, 1, 0, 1.4814814814815
86, 1, 0, 1.6666666666667
87, 1, 0, 1.8518518518519
88, 1, 0, 2.037037037037
89, 1, 0, 2.2222222222222
90, 1, 0, 2.4074074074074
91, 1, 0, 2.5925925925926
92, 1, 0, 2.7777777777778
93, 1, 0, 2.962962962963
94, 1, 0, 3.1481481481481
95, 1, 0, 3.3333333333333
96, 1, 0, 3.5185185185185
97, 1, 0, 3.7037037037037
98, 1, 0, 3.8888888888889
99, 1, 0, 4.0740740740741
100, 1, 0, 4.2592592592593
101, 1, 0, 4.4444444444444
102, 1, 0, 4.6296296296296
103, 1, 0, 4.8148148148148
104, 1, 0, 5
105, 1, 0, 5.1851851851852
106, 1, 0, 5.3703703703704
107, 1, 0, 5.5555555555556
108, 1, 0, 5.7407407407407
109, 1, 0, 5.9259259259259
110, 1, 0, 6.1111111111111
111, 1, 0, 6.2962962962963
112, 1, 0, 6.4814814814815
113, 1, 0, 6.6666666666667
114, 1, 0, 6.8518518518519
115, 1, 0, 7.037037037037
116, 1, 0, 7.2222222222222
117, 1, 0, 7.4074074074074
118, 1, 0, 7.5925925925926
119, 1, 0, 7.7777777777778
120, 1, 0, 7.962962962963
121, 1, 0, 8.1481481481481
122, 1, 0, 8.3333333333333
123, 1, 0, 8.5185185185185
124, 1, 0, 8.7037037037037
125, 1, 0, 8.8888888888889
126, 1, 0, 9.0740740740741
127, 1, 0, 9.2592592592593
128, 1, 0, 9.4444444444444
129, 1, 0, 9.6296296296296
130, 1, 0, 9.8148148148148
131, 0.25, 0, 10
132, 0.5, 0, 10
133, 0.75, 0, 10
134, 1, 0.5, 0.18518518518519
135, 1, 0.5, 0.37037037037037
136, 1, 0.5, 0.55555555555556
137, 1, 0.5, 0.74074074074074
138, 1, 0.5, 0.92592592592593
139, 1, 0.5, 1.1111111111111
140, 1, 0.5, 1.2962962962963
141, 1, 0.5, 1.4814814814815
142, 1, 0.5, 1.6666666666667
143, 1, 0.5, 1.8518518518519
144, 1, 0.5, 2.037037037037
145, 1, 0.5, 2.2222222222222
146, 1, 0.5, 2.4074074074074
147, 1, 0.5, 2.5925925925926
148, 1, 0.5, 2.7777777777778
149, 1, 0.5, 2.962962962963
150, 1, 0.5, 3.1481481481481
151, 1, 0.5, 3.3333333333333
152, 1, 0.5, 3.5185185185185
153, 1, 0.5, 3.7037037037037
154, 1, 0.5, 3.8888888888889
155, 1, 0.5, 4.0740740740741
156, 1, 0.5, 4.2592592592593
157, 1, 0.5, 4.4444444444444
158, 1, 0.5, 4.6296296296296
159, 1, 0.5, 4.8148148148148
160, 1, 0.5, 5
161, 1, 0.5, 5.1851851851852
162, 1, 0.5, 5.3703703703704
163, 1, 0.5, 5.5555555555556
164, 1, 0.5, 5.7407407407407
165, 1, 0.5, 5.9259259259259
166, 1, 0.5, 6.1111111111111
167, 1, 0.5, 6.2962962962963
168, 1, 0.5, 6.4814814814815
169, 1, 0.5, 6.6666666666667
170, 1, 0.5, 6.8518518518519
171, 1, 0.5, 7.037037037037
172, 1, 0.5, 7.2222222222222
173, 1, 0.5, 7.4074074074074
174, 1, 0.5, 7.5925925925926
175, 1, 0.5, 7.7777777777778
176, 1, 0.5, 7.962962962963
177, 1, 0.5, 8.1481481481481
178, 1, 0.5, 8.3333333333333
179, 1, 0.5, 8.5185185185185
180, 1, 0.5, 8.7037037037037
181, 1, 0.5, 8.8888888888889
182, 1, 0.5, 9.0740740740741
183, 1, 0.5, 9.2592592592593
184, 1, 0.5, 9.4444444444444
185, 1, 0.5, 9.6296296296296
186, 1, 0.5, 9.8148148148148
187, 1, 0.25, 10
188, 0, 0.5, 0.18518518518519
189, 0, 0.5, 0.37037037037037
190, 0, 0.5, 0.55555555555556
191, 0, 0.5, 0.74074074074074
192, 0, 0.5, 0.92592592592593
193, 0, 0.5, 1.1111111111111
194, 0, 0.5, 1.2962962962963
195, 0, 0.5, 1.4814814814815
196, 0, 0.5, 1.6666666666667
197, 0, 0.5, 1.8518518518519
198, 0, 0.5, 2.037037037037
199, 0, 0.5, 2.2222222222222
200, 0, 0.5, 2.4074074074074
201, 0, 0.5, 2.5925925925926
202, 0, 0.5, 2.7777777777778
203, 0, 0.5, 2.962962962963
204, 0, 0.5, 3.1481481481481
205, 0, 0.5, 3.3333333333333
206, 0, 0.5, 3.5185185185185
207, 0, 0.5, 3.7037037037037
208, 0, 0.5, 3.8888888888889
209, 0, 0.5, 4.0740740740741
210, 0, 0.5, 4.2592592592593
211, 0, 0.5, 4.4444444444444
212, 0, 0.5, 4.6296296296296
213, 0, 0.5, 4.8148148148148
214, 0, 0.5, 5
215, 0, 0.5, 5.1851851851852
216, 0, 0.5, 5.3703703703704
217, 0, 0.5, 5.5555555555556
218, 0, 0.5, 5.7407407407407
219, 0, 0.5, 5.9259259259259
220, 0, 0.5, 6.1111111111111
221, 0, 0.5, 6.2962962962963
222, 0, 0.5, 6.4814814814815
223, 0, 0.5, 6.6666666666667
224, 0, 0.5, 6.8518518518519
225, 0, 0.5, 7.037037037037
226, 0, 0.5, 7.2222222222222
227, 0, 0.5, 7.4074074074074
228, 0, 0.5, 7.5925925925926
229, 0, 0.5, 7.7777777777778
230, 0, 0.5, 7.962962962963
231, 0, 0.5, 8.1481481481481
232, 0, 0.5, 8.3333333333333
233, 0, 0.5, 8.5185185185185
234, 0, 0.5, 8.7037037037037
235, 0, 0.5, 8.8888888888889
236, 0, 0.5, 9.0740740740741
237, 0, 0.5, 9.2592592592593
238, 0, 0.5, 9.4444444444444
239, 0, 0.5, 9.6296296296296
240, 0, 0.5, 9.8148148148148
241, 0.75, 0.5, 10
242, 0.5, 0.5, 10
243, 0.25, 0.5, 10
244, 0, 0.25, 10
245, -0.51, -0.25, 2
246, -0.01, 0.25, 2
247, -0.51, 0.75, 2
248, -1.01, 0.25, 2
249, -1.01, -0.25, 2.5
250, -0.01, -0.25, 2.5
251, -0.51, -0.25, 3
252, -0.01, 0.75, 2.5
253, -0.01, 0.25, 3
254, -1.01, 0.75, 2.5
255, -0.51, 0.75, 3
256, -1.01, 0.25, 3
257, 0.5, 0.25, 0
258, 0.25, 0.25, 0
259, 0.75, 0.25, 0
260, 0.5, 0, 0.37037037037037
261, 0.5, 0, 0.74074074074074
262, 0.5, 0, 1.1111111111111
263, 0.5, 0, 1.4814814814815
264, 0.5, 0, 1.8518518518519
265, 0.5, 0, 2.2222222222222
266, 0.5, 0, 2.5925925925926
267, 0.5, 0, 2.962962962963
268, 0.5, 0, 3.3333333333333
269, 0.5, 0, 3.7037037037037
270, 0.5, 0, 4.0740740740741
271, 0.5, 0, 4.4444444444444
272, 0.5, 0, 4.8148148148148
273, 0.5, 0, 5.1851851851852
274, 0.5, 0, 5.5555555555556
275, 0.5, 0, 5.9259259259259
276, 0.5, 0, 6.2962962962963
277, 0.5, 0, 6.6666666666667
278, 0.5, 0, 7.037037037037
279, 0.5, 0, 7.4074074074074
280, 0.5, 0, 7.7777777777778
281, 0.5, 0, 8.1481481481481
282, 0.5, 0, 8.5185185185185
283, 0.5, 0, 8.8888888888889
284, 0.5, 0, 9.2592592592593
285, 0.5, 0, 9.6296296296296
286, 0.5, 0, 0.18518518518519
287, 0.25, 0, 0.37037037037037
288, 0.25, 0, 0.18518518518519
289, 0.5, 0, 0.55555555555556
290, 0.25, 0, 0.74074074074074
291, 0.25, 0, 0.55555555555556
292, 0.5, 0, 0.92592592592593
293, 0.25, 0, 1.1111111111111
294, 0.25, 0, 0.92592592592593
295, 0.5, 0, 1.2962962962963
296, 0.25, 0, 1.4814814814815
297, 0.25, 0, 1.2962962962963
298, 0.5, 0, 1.6666666666667
299, 0.25, 0, 1.8518518518519
300, 0.25, 0, 1.6666666666667
301, 0.5, 0, 2.037037037037
302, 0.25, 0, 2.2222222222222
303, 0.25, 0, 2.037037037037
304, 0.5, 0, 2.4074074074074
305, 0.25, 0, 2.5925925925926
306, 0.25, 0, 2.4074074074074
307, 0.5, 0, 2.7777777777778
308, 0.25, 0, 2.962962962963
309, 0.25, 0, 2.7777777777778
310, 0.5, 0, 3.1481481481481
311, 0.25, 0, 3.3333333333333
312, 0.25, 0, 3.1481481481481
313, 0.5, 0, 3.5185185185185
314, 0.25, 0, 3.7037037037037
315, 0.25, 0, 3.5185185185185
316, 0.5, 0, 3.8888888888889
317, 0.25, 0, 4.0740740740741
318, 0.25, 0, 3.8888888888889
319, 0.5, 0, 4.2592592592593
320, 0.25, 0, 4.4444444444444
321, 0.25, 0, 4.2592592592593
322, 0.5, 0, 4.6296296296296
323, 0.25, 0, 4.8148148148148
324, 0.25, 0, 4.6296296296296
325, 0.5, 0, 5
326, 0.25, 0, 5.1851851851852
327, 0.25, 0, 5
328, 0.5, 0, 5.3703703703704
329, 0.25, 0, 5.5555555555556
330, 0.25, 0, 5.3703703703704
331, 0.5, 0, 5.7407407407407
332, 0.25, 0, 5.9259259259259
333, 0.25, 0, 5.7407407407407
334, 0.5, 0, 6.1111111111111
335, 0.25, 0, 6.2962962962963
336, 0.25, 0, 6.1111111111111
337, 0.5, 0, 6.4814814814815
338, 0.25, 0, 6.6666666666667
339, 0.25, 0, 6.4814814814815
340, 0.5, 0, 6.8518518518519
341, 0.25, 0, 7.037037037037
342, 0.25, 0, 6.8518518518519
343, 0.5, 0, 7.2222222222222
344, 0.25, 0, 7.4074074074074
345, 0.25, 0, 7.2222222222222
346, 0.5, 0, 7.5925925925926
347, 0.25, 0, 7.7777777777778
348, 0.25, 0, 7.5925925925926
349, 0.5, 0, 7.962962962963
350, 0.25, 0, 8.1481481481481
351, 0.25, 0, 7.962962962963
352, 0.5, 0, 8.3333333333333
353, 0.25, 0, 8.5185185185185
354, 0.25, 0, 8.3333333333333
355, 0.5, 0, 8.7037037037037
356, 0.25, 0, 8.8888888888889
357, 0.25, 0, 8.7037037037037
358, 0.5, 0, 9.0740740740741
359, 0.25, 0, 9.2592592592593
360, 0.25, 0, 9.0740740740741
361, 0.5, 0, 9.4444444444444
362, 0.25, 0, 9.6296296296296
363, 0.25, 0, 9.4444444444444
364, 0.5, 0, 9.8148148148148
365, 0.25, 0, 9.8148148148148
366, 0.75, 0, 0.37037037037037
367, 0.75, 0, 0.18518518518519
368, 0.75, 0, 0.74074074074074
369, 0.75, 0, 0.55555555555556
370, 0.75, 0, 1.1111111111111
371, 0.75, 0, 0.92592592592593
372, 0.75, 0, 1.4814814814815
373, 0.75, 0, 1.2962962962963
374, 0.75, 0, 1.8518518518519
375, 0.75, 0, 1.6666666666667
376, 0.75, 0, 2.2222222222222
377, 0.75, 0, 2.037037037037
378, 0.75, 0, 2.5925925925926
379, 0.75, 0, 2.4074074074074
380, 0.75, 0, 2.962962962963
381, 0.75, 0, 2.7777777777778
382, 0.75, 0, 3.3333333333333
383, 0.75, 0, 3.1481481481481
384, 0.75, 0, 3.7037037037037
385, 0.75, 0, 3.5185185185185
386, 0.75, 0, 4.0740740740741
387, 0.75, 0, 3.8888888888889
388, 0.75, 0, 4.4444444444444
389, 0.75, 0, 4.2592592592593
390, 0.75, 0, 4.8148148148148
391, 0.75, 0, 4.6296296296296
392, 0.75, 0, 5.1851851851852
393, 0.75, 0, 5
394, 0.75, 0, 5.5555555555556
395, 0.75, 0, 5.3703703703704
396, 0.75, 0, 5.9259259259259
397, 0.75, 0, 5.7407407407407
398, 0.75, 0, 6.2962962962963
399, 0.75, 0, 6.1111111111111
400, 0.75, 0, 6.6666666666667
401, 0.75, 0, 6.4814814814815
402, 0.75, 0, 7.037037037037
403, 0.75, 0, 6.8518518518519
404, 0.75, 0, 7.4074074074074
405, 0.75, 0, 7.2222222222222
406, 0.75, 0, 7.7777777777778
407, 0.75, 0, 7.5925925925926
408, 0.75, 0, 8.1481481481481
409, 0.75, 0, 7.962962962963
410, 0.75, 0, 8.5185185185185
411, 0.75, 0, 8.3333333333333
412, 0.75, 0, 8.8888888888889
413, 0.75, 0, 8.7037037037037
414, 0.75, 0, 9.2592592592593
415, 0.75, 0, 9.0740740740741
416, 0.75, 0, 9.6296296296296
417, 0.75, 0, 9.4444444444444
418, 0.75, 0, 9.8148148148148
419, 1, 0.25, 0.37037037037037
420, 1, 0.25, 0.18518518518519
421, 1, 0.25, 0.74074074074074
422, 1, 0.25, 0.55555555555556
423, 1, 0.25, 1.1111111111111
424, 1, 0.25, 0.92592592592593
425, 1, 0.25, 1.4814814814815
426, 1, 0.25, 1.2962962962963
427, 1, 0.25, 1.8518518518519
428, 1, 0.25, 1.6666666666667
429, 1, 0.25, 2.2222222222222
430, 1, 0.25, 2.037037037037
431, 1, 0.25, 2.5925925925926
432, 1, 0.25, 2.4074074074074
433, 1, 0.25, 2.962962962963
434, 1, 0.25, 2.7777777777778
435, 1, 0.25, 3.3333333333333
436, 1, 0.25, 3.1481481481481
437, 1, 0.25, 3.7037037037037
438, 1, 0.25, 3.5185185185185
439, 1, 0.25, 4.0740740740741
440, 1, 0.25, 3.8888888888889
441, 1, 0.25, 4.4444444444444
442, 1, 0.25, 4.2592592592593
443, 1, 0.25, 4.8148148148148
444, 1, 0.25, 4.6296296296296
445, 1, 0.25, 5.1851851851852
446, 1, 0.25, 5
447, 1, 0.25, 5.5555555555556
448, 1, 0.25, 5.3703703703704
449, 1, 0.25, 5.9259259259259
450, 1, 0.25, 5.7407407407407
451, 1, 0.25, 6.2962962962963
452, 1, 0.25, 6.1111111111111
453, 1, 0.25, 6.6666666666667
454, 1, 0.25, 6.4814814814815
455, 1, 0.25, 7.037037037037
456, 1, 0.25, 6.8518518518519
457, 1, 0.25, 7.4074074074074
458, 1, 0.25, 7.2222222222222
459, 1, 0.25, 7.7777777777778
460, 1, 0.25, 7.5925925925926
461, 1, 0.25, 8.1481481481481
462, 1, 0.25, 7.962962962963
463, 1, 0.25, 8.5185185185185
464, 1, 0.25, 8.3333333333333
465, 1, 0.25, 8.8888888888889
466, 1, 0.25, 8.7037037037037
467, 1, 0.25, 9.2592592592593
468, 1, 0.25, 9.0740740740741
469, 1, 0.25, 9.6296296296296
470, 1, 0.25, 9.4444444444444
471, 1, 0.25, 9.8148148148148
472, 0.5, 0.5, 0.37037037037037
473, 0.5, 0.5, 0.74074074074074
474, 0.5, 0.5, 1.1111111111111
475, 0.5, 0.5, 1.4814814814815
476, 0.5, 0.5, 1.8518518518519
477, 0.5, 0.5, 2.2222222222222
478, 0.5, 0.5, 2.5925925925926
479, 0.5, 0.5, 2.962962962963
480, 0.5, 0.5, 3.3333333333333
481, 0.5, 0.5, 3.7037037037037
482, 0.5, 0.5, 4.0740740740741
483, 0.5, 0.5, 4.4444444444444
484, 0.5, 0.5, 4.8148148148148
485, 0.5, 0.5, 5.1851851851852
486, 0.5, 0.5, 5.5555555555556
487, 0.5, 0.5, 5.9259259259259
488, 0.5, 0.5, 6.2962962962963
489, 0.5, 0.5, 6.6666666666667
490, 0.5, 0.5, 7.037037037037
491, 0.5, 0.5, 7.4074074074074
492, 0.5, 0.5, 7.7777777777778
493, 0.5, 0.5, 8.1481481481481
494, 0.5, 0.5, 8.5185185185185
495, 0.5, 0.5, 8.8888888888889
496, 0.5, 0.5, 9.2592592592593
497, 0.5, 0.5, 9.6296296296296
498, 0.5, 0.5, 0.18518518518519
499, 0.75, 0.5, 0.37037037037037
500, 0.75, 0.5, 0.18518518518519
501, 0.5, 0.5, 0.55555555555556
502, 0.75, 0.5, 0.74074074074074
503, 0.75, 0.5, 0.55555555555556
504, 0.5, 0.5, 0.92592592592593
505, 0.75, 0.5, 1.1111111111111
506, 0.75, 0.5, 0.92592592592593
507, 0.5, 0.5, 1.2962962962963
508, 0.75, 0.5, 1.4814814814815
509, 0.75, 0.5, 1.2962962962963
510, 0.5, 0.5, 1.6666666666667
511, 0.75, 0.5, 1.8518518518519
512, 0.75, 0.5, 1.6666666666667
513, 0.5, 0.5, 2.037037037037
514, 0.75, 0.5, 2.2222222222222
515, 0.75, 0.5, 2.037037037037
516, 0.5, 0.5, 2.4074074074074
517, 0.75, 0.5, 2.5925925925926
518, 0.75, 0.5, 2.4074074074074
519, 0.5, 0.5, 2.7777777777778
520, 0.75, 0.5, 2.962962962963
521, 0.75, 0.5, 2.7777777777778
522, 0.5, 0.5, 3.1481481481481
523, 0.75, 0.5, 3.3333333333333
524, 0.75, 0.5, 3.1481481481481
525, 0.5, 0.5, 3.5185185185185
526, 0.75, 0.5, 3.7037037037037
527, 0.75, 0.5, 3.5185185185185
528, 0.5, 0.5, 3.8888888888889
529, 0.75, 0.5, 4.0740740740741
530, 0.75, 0.5, 3.8888888888889
531, 0.5, 0.5, 4.2592592592593
532, 0.75, 0.5, 4.4444444444444
533, 0.75, 0.5, 4.2592592592593
534, 0.5, 0.5, 4.6296296296296
535, 0.75, 0.5, 4.8148148148148
536, 0.75, 0.5, 4.6296296296296
537, 0.5, 0.5, 5
538, 0.75, 0.5, 5.1851851851852
539, 0.75, 0.5, 5
540, 0.5, 0.5, 5.3703703703704
541, 0.75, 0.5, 5.5555555555556
542, 0.75, 0.5, 5.3703703703704
543, 0.5, 0.5, 5.7407407407407
544, 0.75, 0.5, 5.9259259259259
545, 0.75, 0.5, 5.7407407407407
546, 0.5, 0.5, 6.1111111111111
547, 0.75, 0.5, 6.2962962962963
548, 0.75, 0.5, 6.1111111111111
549, 0.5, 0.5, 6.4814814814815
550, 0.75, 0.5, 6.6666666666667
551, 0.75, 0.5, 6.4814814814815
552, 0.5, 0.5, 6.8518518518519
553, 0.75, 0.5, 7.037037037037
554, 0.75, 0.5, 6.8518518518519
555, 0.5, 0.5, 7.2222222222222
556, 0.75, 0.5, 7.4074074074074
557, 0.75, 0.5, 7.2222222222222
558, 0.5, 0.5, 7.5925925925926
559, 0.75, 0.5, 7.7777777777778
560, 0.75, 0.5, 7.5925925925926
561, 0.5, 0.5, 7.962962962963
562, 0.75, 0.5, 8.1481481481481
563, 0.75, 0.5, 7.962962962963
564, 0.5, 0.5, 8.3333333333333
565, 0.75, 0.5, 8.5185185185185
566, 0.75, 0.5, 8.3333333333333
567, 0.5, 0.5, 8.7037037037037
568, 0.75, 0.5, 8.8888888888889
569, 0.75, 0.5, 8.7037037037037
570, 0.5, 0.5, 9.0740740740741
571, 0.75, 0.5, 9.2592592592593
572, 0.75, 0.5, 9.0740740740741
573, 0.5, 0.5, 9.4444444444444
574, 0.75, 0.5, 9.6296296296296
575, 0.75, 0.5, 9.4444444444444
576, 0.5, 0.5, 9.8148148148148
577, 0.75, 0.5, 9.8148148148148
578, 0.25, 0.5, 0.37037037037037
579, 0.25, 0.5, 0.18518518518519
580, 0.25, 0.5, 0.74074074074074
581, 0.25, 0.5, 0.55555555555556
582, 0.25, 0.5, 1.1111111111111
583, 0.25, 0.5, 0.92592592592593
584, 0.25, 0.5, 1.4814814814815
585, 0.25, 0.5, 1.2962962962963
586, 0.25, 0.5, 1.8518518518519
587, 0.25, 0.5, 1.6666666666667
588, 0.25, 0.5, 2.2222222222222
589, 0.25, 0.5, 2.037037037037
590, 0.25, 0.5, 2.5925925925926
591, 0.25, 0.5, 2.4074074074074
592, 0.25, 0.5, 2.962962962963
593, 0.25, 0.5, 2.7777777777778
594, 0.25, 0.5, 3.3333333333333
595, 0.25, 0.5, 3.1481481481481
596, 0.25, 0.5, 3.7037037037037
597, 0.25, 0.5, 3.5185185185185
598, 0.25, 0.5, 4.0740740740741
599, 0.25, 0.5, 3.8888888888889
600, 0.25, 0.5, 4.4444444444444
601, 0.25, 0.5, 4.2592592592593
602, 0.25, 0.5, 4.8148148148148
603, 0.25, 0.5, 4.6296296296296
604, 0.25, 0.5, 5.1851851851852
605, 0.25, 0.5, 5
606, 0.25, 0.5, 5.5555555555556
607, 0.25, 0.5, 5.3703703703704
608, 0.25, 0.5, 5.9259259259259
609, 0.25, 0.5, 5.7407407407407
610, 0.25, 0.5, 6.2962962962963
611, 0.25, 0.5, 6.1111111111111
612, 0.25, 0.5, 6.6666666666667
613, 0.25, 0.5, 6.4814814814815
614, 0.25, 0.5, 7.037037037037
615, 0.25, 0.5, 6.8518518518519
616, 0.25, 0.5, 7.4074074074074
617, 0.25, 0.5, 7.2222222222222
618, 0.25, 0.5, 7.7777777777778
619, 0.25, 0.5, 7.5925925925926
620, 0.25, 0.5, 8.1481481481481
621, 0.25, 0.5, 7.962962962963
622, 0.25, 0.5, 8.5185185185185
623, 0.25, 0.5, 8.3333333333333
624, 0.25, 0.5, 8.8888888888889
625, 0.25, 0.5, 8.7037037037037
626, 0.25, 0.5, 9.2592592592593
627, 0.25, 0.5, 9.0740740740741
628, 0.25, 0.5, 9.6296296296296
629, 0.25, 0.5, 9.4444444444444
630, 0.25, 0.5, 9.8148148148148
631, 0, 0.25, 0.37037037037037
632, 0, 0.25, 0.18518518518519
633, 0, 0.25, 0.74074074074074
634, 0, 0.25, 0.55555555555556
635, 0, 0.25, 1.1111111111111
636, 0, 0.25, 0.92592592592593
637, 0, 0.25, 1.4814814814815
638, 0, 0.25, 1.2962962962963
639, 0, 0.25, 1.8518518518519
640, 0, 0.25, 1.6666666666667
641, 0, 0.25, 2.2222222222222
642, 0, 0.25, 2.037037037037
643, 0, 0.25, 2.5925925925926
644, 0, 0.25, 2.4074074074074
645, 0, 0.25, 2.962962962963
646, 0, 0.25, 2.7777777777778
647, 0, 0.25, 3.3333333333333
648, 0, 0.25, 3.1481481481481
649, 0, 0.25, 3.7037037037037
650, 0, 0.25, 3.5185185185185
651, 0, 0.25, 4.0740740740741
652, 0, 0.25, 3.8888888888889
653, 0, 0.25, 4.4444444444444
654, 0, 0.25, 4.2592592592593
655, 0, 0.25, 4.8148148148148
656, 0, 0.25, 4.6296296296296
657, 0, 0.25, 5.1851851851852
658, 0, 0.25, 5
659, 0, 0.25, 5.5555555555556
660, 0, 0.25, 5.3703703703704
661, 0, 0.25, 5.9259259259259
662, 0, 0.25, 5.7407407407407
663, 0, 0.25, 6.2962962962963
664, 0, 0.25, 6.1111111111111
665, 0, 0.25, 6.6666666666667
666, 0, 0.25, 6.4814814814815
667, 0, 0.25, 7.037037037037
668, 0, 0.25, 6.8518518518519
669, 0, 0.25, 7.4074074074074
670, 0, 0.25, 7.2222222222222
671, 0, 0.25, 7.7777777777778
672, 0, 0.25, 7.5925925925926
673, 0, 0.25, 8.1481481481481
674, 0, 0.25, 7.962962962963
675, 0, 0.25, 8.5185185185185
676, 0, 0.25, 8.3333333333333
677, 0, 0.25, 8.8888888888889
678, 0, 0.25, 8.7037037037037
679, 0, 0.25, 9.2592592592593
680, 0, 0.25, 9.0740740740741
681, 0, 0.25, 9.6296296296296
682, 0, 0.25, 9.4444444444444
683, 0, 0.25, 9.8148148148148
684, 0.5, 0.25, 10
685, 0.25, 0.25, 10
686, 0.75, 0.25, 10
687, -0.51, 0.25, 2
688, -0.51, -0.25, 2.5
689, -0.01, 0.25, 2.5
690, -0.51, 0.75, 2.5
691, -1.01, 0.25, 2.5
692, -0.51, 0.25, 3
693, 0.5, 0.25, 0.37037037037037
694, 0.5, 0.25, 0.18518518518519
695, 0.25, 0.25, 0.37037037037037
696, 0.25, 0.25, 0.18518518518519
697, 0.5, 0.25, 0.74074074074074
698, 0.5, 0.25, 0.55555555555556
699, 0.25, 0.25, 0.74074074074074
700, 0.25, 0.25, 0.55555555555556
701, 0.5, 0.25, 1.1111111111111
702, 0.5, 0.25, 0.92592592592593
703, 0.25, 0.25, 1.1111111111111
704, 0.25, 0.25, 0.92592592592593
705, 0.5, 0.25, 1.4814814814815
706, 0.5, 0.25, 1.2962962962963
707, 0.25, 0.25, 1.4814814814815
708, 0.25, 0.25, 1.2962962962963
709, 0.5, 0.25, 1.8518518518519
710, 0.5, 0.25, 1.6666666666667
711, 0.25, 0.25, 1.8518518518519
712, 0.25, 0.25, 1.6666666666667
713, 0.5, 0.25, 2.2222222222222
714, 0.5, 0.25, 2.037037037037
715, 0.25, 0.25, 2.2222222222222
716, 0.25, 0.25, 2.037037037037
717, 0.5, 0.25, 2.5925925925926
718, 0.5, 0.25, 2.4074074074074
719, 0.25, 0.25, 2.5925925925926
720, 0.25, 0.25, 2.4074074074074
721, 0.5, 0.25, 2.962962962963
722, 0.5, 0.25, 2.7777777777778
723, 0.25, 0.25, 2.962962962963
724, 0.25, 0.25, 2.7777777777778
725, 0.5, 0.25, 3.3333333333333
726, 0.5, 0.25, 3.1481481481481
727, 0.25, 0.25, 3.3333333333333
728, 0.25, 0.25, 3.1481481481481
729, 0.5, 0.25, 3.7037037037037
730, 0.5, 0.25, 3.5185185185185
731, 0.25, 0.25, 3.7037037037037
732, 0.25, 0.25, 3.5185185185185
733, 0.5, 0.25, 4.0740740740741
734, 0.5, 0.25, 3.8888888888889
735, 0.25, 0.25, 4.0740740740741
736, 0.25, 0.25, 3.8888888888889
737, 0.5, 0.25, 4.4444444444444
738, 0.5, 0.25, 4.2592592592593
739, 0.25, 0.25, 4.4444444444444
740, 0.25, 0.25, 4.2592592592593
741, 0.5, 0.25, 4.8148148148148
742, 0.5, 0.25, 4.6296296296296
743, 0.25, 0.25, 4.8148148148148
744, 0.25, 0.25, 4.6296296296296
745, 0.5, 0.25, 5.1851851851852
746, 0.5, 0.25, 5
747, 0.25, 0.25, 5.1851851851852
748, 0.25, 0.25, 5
749, 0.5, 0.25, 5.5555555555556
750, 0.5, 0.25, 5.3703703703704
751, 0.25, 0.25, 5.5555555555556
752, 0.25, 0.25, 5.3703703703704
753, 0.5, 0.25, 5.9259259259259
754, 0.5, 0.25, 5.7407407407407
755, 0.25, 0.25, 5.9259259259259
756, 0.25, 0.25, 5.7407407407407
757, 0.5, 0.25, 6.2962962962963
758, 0.5, 0.25, 6.1111111111111
759, 0.25, 0.25, 6.2962962962963
760, 0.25, 0.25, 6.1111111111111
761, 0.5, 0.25, 6.6666666666667
762, 0.5, 0.25, 6.4814814814815
763, 0.25, 0.25, 6.6666666666667
764, 0.25, 0.25, 6.4814814814815
765, 0.5, 0.25, 7.037037037037
766, 0.5, 0.25, 6.8518518518519
767, 0.25, 0.25, 7.037037037037
768, 0.25, 0.25, 6.8518518518519
769, 0.5, 0.25, 7.4074074074074
770, 0.5, 0.25, 7.2222222222222
771, 0.25, 0.25, 7.4074074074074
772, 0.25, 0.25, 7.2222222222222
773, 0.5, 0.25, 7.7777777777778
774, 0.5, 0.25, 7.5925925925926
775, 0.25, 0.25, 7.7777777777778
776, 0.25, 0.25, 7.5925925925926
777, 0.5, 0.25, 8.1481481481481
778, 0.5, 0.25, 7.962962962963
779, 0.25, 0.25, 8.1481481481481
780, 0.25, 0.25, 7.962962962963
781, 0.5, 0.25, 8.5185185185185
782, 0.5, 0.25, 8.3333333333333
783, 0.25, 0.25, 8.5185185185185
784, 0.25, 0.25, 8.3333333333333
785, 0.5, 0.25, 8.8888888888889
786, 0.5, 0.25, 8.7037037037037
787, 0.25, 0.25, 8.8888888888889
788, 0.25, 0.25, 8.7037037037037
789, 0.5, 0.25, 9.2592592592593
790, 0.5, 0.25, 9.0740740740741
791, 0.25, 0.25, 9.2592592592593
792, 0.25, 0.25, 9.0740740740741
793, 0.5, 0.25, 9.6296296296296
794, 0.5, 0.25, 9.4444444444444
795, 0.25, 0.25, 9.6296296296296
796, 0.25, 0.25, 9.4444444444444
797, 0.5, 0.25, 9.8148148148148
798, 0.25, 0.25, 9.8148148148148
799, 0.75, 0.25, 0.37037037037037
800, 0.75, 0.25, 0.18518518518519
801, 0.75, 0.25, 0.74074074074074
802, 0.75, 0.25, 0.55555555555556
803, 0.75, 0.25, 1.1111111111111
804, 0.75, 0.25, 0.92592592592593
805, 0.75, 0.25, 1.4814814814815
806, 0.75, 0.25, 1.2962962962963
807, 0.75, 0.25, 1.8518518518519
808, 0.75, 0.25, 1.6666666666667
809, 0.75, 0.25, 2.2222222222222
810, 0.75, 0.25, 2.037037037037
811, 0.75, 0.25, 2.5925925925926
812, 0.75, 0.25, 2.4074074074074
813, 0.75, 0.25, 2.962962962963
814, 0.75, 0.25, 2.7777777777778
815, 0.75, 0.25, 3.3333333333333
816, 0.75, 0.25, 3.1481481481481
817, 0.75, 0.25, 3.7037037037037
818, 0.75, 0.25, 3.5185185185185
819, 0.75, 0.25, 4.0740740740741
820, 0.75, 0.25, 3.8888888888889
821, 0.75, 0.25, 4.4444444444444
822, 0.75, 0.25, 4.2592592592593
823, 0.75, 0.25, 4.8148148148148
824, 0.75, 0.25, 4.6296296296296
825, 0.75, 0.25, 5.1851851851852
826, 0.75, 0.25, 5
827, 0.75, 0.25, 5.5555555555556
828, 0.75, 0.25, 5.3703703703704
829, 0.75, 0.25, 5.9259259259259
830, 0.75, 0.25, 5.7407407407407
831, 0.75, 0.25, 6.2962962962963
832, 0.75, 0.25, 6.1111111111111
833, 0.75, 0.25, 6.6666666666667
834, 0.75, 0.25, 6.4814814814815
835, 0.75, 0.25, 7.037037037037
836, 0.75, 0.25, 6.8518518518519
837, 0.75, 0.25, 7.4074074074074
838, 0.75, 0.25, 7.2222222222222
839, 0.75, 0.25, 7.7777777777778
840, 0.75, 0.25, 7.5925925925926
841, 0.75, 0.25, 8.1481481481481
842, 0.75, 0.25, 7.962962962963
843, 0.75, 0.25, 8.5185185185185
844, 0.75, 0.25, 8.3333333333333
845, 0.75, 0.25, 8.8888888888889
846, 0.75, 0.25, 8.7037037037037
847, 0.75, 0.25, 9.2592592592593
848, 0.75, 0.25, 9.0740740740741
849, 0.75, 0.25, 9.6296296296296
850, 0.75, 0.25, 9.4444444444444
851, 0.75, 0.25, 9.8148148148148
852, -0.51, 0.25, 2.5
******* E L E M E N T S *************
*ELEMENT, type=T3D2, ELSET=Line1
17, 1, 17
18, 17, 18
19, 18, 19
20, 19, 2
*ELEMENT, type=T3D2, ELSET=Line2
21, 2, 20
22, 20, 3
*ELEMENT, type=T3D2, ELSET=Line3
23, 3, 21
24, 21, 22
25, 22, 23
26, 23, 4
*ELEMENT, type=T3D2, ELSET=Line4
27, 4, 24
28, 24, 1
*ELEMENT, type=T3D2, ELSET=Line5
29, 1, 25
30, 25, 26
31, 26, 27
32, 27, 28
33, 28, 29
34, 29, 30
35, 30, 31
36, 31, 32
37, 32, 33
38, 33, 34
39, 34, 35
40, 35, 36
41, 36, 37
42, 37, 38
43, 38, 39
44, 39, 40
45, 40, 41
46, 41, 42
47, 42, 43
48, 43, 44
49, 44, 45
50, 45, 46
51, 46, 47
52, 47, 48
53, 48, 49
54, 49, 50
55, 50, 51
56, 51, 52
57, 52, 53
58, 53, 54
59, 54, 55
60, 55, 56
61, 56, 57
62, 57, 58
63, 58, 59
64, 59, 60
65, 60, 61
66, 61, 62
67, 62, 63
68, 63, 64
69, 64, 65
70, 65, 66
71, 66, 67
72, 67, 68
73, 68, 69
74, 69, 70
75, 70, 71
76, 71, 72
77, 72, 73
78, 73, 74
79, 74, 75
80, 75, 76
81, 76, 77
82, 77, 5
*ELEMENT, type=T3D2, ELSET=Line6
83, 2, 78
84, 78, 79
85, 79, 80
86, 80, 81
87, 81, 82
88, 82, 83
89, 83, 84
90, 84, 85
91, 85, 86
92, 86, 87
93, 87, 88
94, 88, 89
95, 89, 90
96, 90, 91
97, 91, 92
98, 92, 93
99, 93, 94
100, 94, 95
101, 95, 96
102, 96, 97
103, 97, 98
104, 98, 99
105, 99, 100
106, 100, 101
107, 101, 102
108, 102, 103
109, 103, 104
110, 104, 105
111, 105, 106
112, 106, 107
113, 107, 108
114, 108, 109
115, 109, 110
116, 110, 111
117, 111, 112
118, 112, 113
119, 113, 114
120, 114, 115
121, 115, 116
122, 116, 117
123, 117, 118
124, 118, 119
125, 119, 120
126, 120, 121
127, 121, 122
128, 122, 123
129, 123, 124
130, 124, 125
131, 125, 126
132, 126, 127
133, 127, 128
134, 128, 129
135, 129, 130
136, 130, 6
*ELEMENT, type=T3D2, ELSET=Line7
137, 5, 131
138, 131, 132
139, 132, 133
140, 133, 6
*ELEMENT, type=T3D2, ELSET=Line8
141, 3, 134
142, 134, 135
143, 135, 136
144, 136, 137
145, 137, 138
146, 138, 139
147, 139, 140
148, 140, 141
149, 141, 142
150, 142, 143
151, 143, 144
152, 144, 145
153, 145, 146
154, 146, 147
155, 147, 148
156, 148, 149
157, 149, 150
158, 150, 151
159, 151, 152
160, 152, 153
161, 153, 154
162, 154, 155
163, 155, 156
164, 156, 157
165, 157, 158
166, 158, 159
167, 159, 160
168, 160, 161
169, 161, 162
170, 162, 163
171, 163, 164
172, 164, 165
173, 165, 166
174, 166, 167
175, 167, 168
176, 168, 169
177, 169, 170
178, 170, 171
179, 171, 172
180, 172, 173
181, 173, 174
182, 174, 175
183, 175, 176
184, 176, 177
185, 177, 178
186, 178, 179
187, 179, 180
188, 180, 181
189, 181, 182
190, 182, 183
191, 183, 184
192, 184, 185
193, 185, 186
194, 186, 7
*ELEMENT, type=T3D2, ELSET=Line9
195, 6, 187
196, 187, 7
*ELEMENT, type=T3D2, ELSET=Line10
197, 4, 188
198, 188, 189
199, 189, 190
200, 190, 191
201, 191, 192
202, 192, 193
203, 193, 194
204, 194, 195
205, 195, 196
206, 196, 197
207, 197, 198
208, 198, 199
209, 199, 200
210, 200, 201
211, 201, 202
212, 202, 203
213, 203, 204
214, 204, 205
215, 205, 206
216, 206, 207
217, 207, 208
218, 208, 209
219, 209, 210
220, 210, 211
221, 211, 212
222, 212, 213
223, 213, 214
224, 214, 215
225, 215, 216
226, 216, 217
227, 217, 218
228, 218, 219
229, 219, 220
230, 220, 221
231, 221, 222
232, 222, 223
233, 223, 224
234, 224, 225
235, 225, 226
236, 226, 227
237, 227, 228
238, 228, 229
239, 229, 230
240, 230, 231
241, 231, 232
242, 232, 233
243, 233, 234
244, 234, 235
245, 235, 236
246, 236, 237
247, 237, 238
248, 238, 239
249, 239, 240
250, 240, 8
*ELEMENT, type=T3D2, ELSET=Line11
251, 7, 241
252, 241, 242
253, 242, 243
254, 243, 8
*ELEMENT, type=T3D2, ELSET=Line12
255, 8, 244
256, 244, 5
*ELEMENT, type=T3D2, ELSET=Line13
257, 9, 245
258, 245, 10
*ELEMENT, type=T3D2, ELSET=Line14
259, 10, 246
260, 246, 11
*ELEMENT, type=T3D2, ELSET=Line15
261, 11, 247
262, 247, 12
*ELEMENT, type=T3D2, ELSET=Line16
263, 12, 248
264, 248, 9
*ELEMENT, type=T3D2, ELSET=Line17
265, 9, 249
266, 249, 13
*ELEMENT, type=T3D2, ELSET=Line18
267, 10, 250
268, 250, 14
*ELEMENT, type=T3D2, ELSET=Line19
269, 13, 251
270, 251, 14
*ELEMENT, type=T3D2, ELSET=Line20
271, 11, 252
272, 252, 15
*ELEMENT, type=T3D2, ELSET=Line21
273, 14, 253
274, 253, 15
*ELEMENT, type=T3D2, ELSET=Line22
275, 12, 254
276, 254, 16
*ELEMENT, type=T3D2, ELSET=Line23
277, 15, 255
278, 255, 16
*ELEMENT, type=T3D2, ELSET=Line24
279, 16, 256
280, 256, 13
*ELEMENT, type=CPS4, ELSET=Surface1
281, 1, 17, 258, 24
282, 17, 18, 257, 258
283, 258, 257, 22, 23
284, 24, 258, 23, 4
285, 18, 19, 259, 257
286, 19, 2, 20, 259
287, 259, 20, 3, 21
288, 257, 259, 21, 22
*ELEMENT, type=CPS4, ELSET=Surface2
289, 1, 17, 288, 25
290, 17, 18, 286, 288
291, 288, 286, 260, 287
292, 25, 288, 287, 26
293, 26, 287, 291, 27
294, 287, 260, 289, 291
295, 291, 289, 261, 290
296, 27, 291, 290, 28
297, 28, 290, 294, 29
298, 290, 261, 292, 294
299, 294, 292, 262, 293
300, 29, 294, 293, 30
301, 30, 293, 297, 31
302, 293, 262, 295, 297
303, 297, 295, 263, 296
304, 31, 297, 296, 32
305, 32, 296, 300, 33
306, 296, 263, 298, 300
307, 300, 298, 264, 299
308, 33, 300, 299, 34
309, 34, 299, 303, 35
310, 299, 264, 301, 303
311, 303, 301, 265, 302
312, 35, 303, 302, 36
313, 36, 302, 306, 37
314, 302, 265, 304, 306
315, 306, 304, 266, 305
316, 37, 306, 305, 38
317, 38, 305, 309, 39
318, 305, 266, 307, 309
319, 309, 307, 267, 308
320, 39, 309, 308, 40
321, 40, 308, 312, 41
322, 308, 267, 310, 312
323, 312, 310, 268, 311
324, 41, 312, 311, 42
325, 42, 311, 315, 43
326, 311, 268, 313, 315
327, 315, 313, 269, 314
328, 43, 315, 314, 44
329, 44, 314, 318, 45
330, 314, 269, 316, 318
331, 318, 316, 270, 317
332, 45, 318, 317, 46
333, 46, 317, 321, 47
334, 317, 270, 319, 321
335, 321, 319, 271, 320
336, 47, 321, 320, 48
337, 48, 320, 324, 49
338, 320, 271, 322, 324
339, 324, 322, 272, 323
340, 49, 324, 323, 50
341, 50, 323, 327, 51
342, 323, 272, 325, 327
343, 327, 325, 273, 326
344, 51, 327, 326, 52
345, 52, 326, 330, 53
346, 326, 273, 328, 330
347, 330, 328, 274, 329
348, 53, 330, 329, 54
349, 54, 329, 333, 55
350, 329, 274, 331, 333
351, 333, 331, 275, 332
352, 55, 333, 332, 56
353, 56, 332, 336, 57
354, 332, 275, 334, 336
355, 336, 334, 276, 335
356, 57, 336, 335, 58
357, 58, 335, 339, 59
358, 335, 276, 337, 339
359, 339, 337, 277, 338
360, 59, 339, 338, 60
361, 60, 338, 342, 61
362, 338, 277, 340, 342
363, 342, 340, 278, 341
364, 61, 342, 341, 62
365, 62, 341, 345, 63
366, 341, 278, 343, 345
367, 345, 343, 279, 344
368, 63, 345, 344, 64
369, 64, 344, 348, 65
370, 344, 279, 346, 348
371, 348, 346, 280, 347
372, 65, 348, 347, 66
373, 66, 347, 351, 67
374, 347, 280, 349, 351
375, 351, 349, 281, 350
376, 67, 351, 350, 68
377, 68, 350, 354, 69
378, 350, 281, 352, 354
379, 354, 352, 282, 353
380, 69, 354, 353, 70
381, 70, 353, 357, 71
382, 353, 282, 355, 357
383, 357, 355, 283, 356
384, 71, 357, 356, 72
385, 72, 356, 360, 73
386, 356, 283, 358, 360
387, 360, 358, 284, 359
388, 73, 360, 359, 74
389, 74, 359, 363, 75
390, 359, 284, 361, 363
391, 363, 361, 285, 362
392, 75, 363, 362, 76
393, 76, 362, 365, 77
394, 362, 285, 364, 365
395, 365, 364, 132, 131
396, 77, 365, 131, 5
397, 18, 19, 367, 286
398, 19, 2, 78, 367
399, 367, 78, 79, 366
400, 286, 367, 366, 260
401, 260, 366, 369, 289
402, 366, 79, 80, 369
403, 369, 80, 81, 368
404, 289, 369, 368, 261
405, 261, 368, 371, 292
406, 368, 81, 82, 371
407, 371, 82, 83, 370
408, 292, 371, 370, 262
409, 262, 370, 373, 295
410, 370, 83, 84, 373
411, 373, 84, 85, 372
412, 295, 373, 372, 263
413, 263, 372, 375, 298
414, 372, 85, 86, 375
415, 375, 86, 87, 374
416, 298, 375, 374, 264
417, 264, 374, 377, 301
418, 374, 87, 88, 377
419, 377, 88, 89, 376
420, 301, 377, 376, 265
421, 265, 376, 379, 304
422, 376, 89, 90, 379
423, 379, 90, 91, 378
424, 304, 379, 378, 266
425, 266, 378, 381, 307
426, 378, 91, 92, 381
427, 381, 92, 93, 380
428, 307, 381, 380, 267
429, 267, 380, 383, 310
430, 380, 93, 94, 383
431, 383, 94, 95, 382
432, 310, 383, 382, 268
433, 268, 382, 385, 313
434, 382, 95, 96, 385
435, 385, 96, 97, 384
436, 313, 385, 384, 269
437, 269, 384, 387, 316
438, 384, 97, 98, 387
439, 387, 98, 99, 386
440, 316, 387, 386, 270
441, 270, 386, 389, 319
442, 386, 99, 100, 389
443, 389, 100, 101, 388
444, 319, 389, 388, 271
445, 271, 388, 391, 322
446, 388, 101, 102, 391
447, 391, 102, 103, 390
448, 322, 391, 390, 272
449, 272, 390, 393, 325
450, 390, 103, 104, 393
451, 393, 104, 105, 392
452, 325, 393, 392, 273
453, 273, 392, 395, 328
454, 392, 105, 106, 395
455, 395, 106, 107, 394
456, 328, 395, 394, 274
457, 274, 394, 397, 331
458, 394, 107, 108, 397
459, 397, 108, 109, 396
460, 331, 397, 396, 275
461, 275, 396, 399, 334
462, 396, 109, 110, 399
463, 399, 110, 111, 398
464, 334, 399, 398, 276
465, 276, 398, 401, 337
466, 398, 111, 112, 401
467, 401, 112, 113, 400
468, 337, 401, 400, 277
469, 277, 400, 403, 340
470, 400, 113, 114, 403
471, 403, 114, 115, 402
472, 340, 403, 402, 278
473, 278, 402, 405, 343
474, 402, 115, 116, 405
475, 405, 116, 117, 404
476, 343, 405, 404, 279
477, 279, 404, 407, 346
478, 404, 117, 118, 407
479, 407, 118, 119, 406
480, 346, 407, 406, 280
481, 280, 406, 409, 349
482, 406, 119, 120, 409
483, 409, 120, 121, 408
484, 349, 409, 408, 281
485, 281, 408, 411, 352
486, 408, 121, 122, 411
487, 411, 122, 123, 410
488, 352, 411, 410, 282
489, 282, 410, 413, 355
490, 410, 123, 124, 413
491, 413, 124, 125, 412
492, 355, 413, 412, 283
493, 283, 412, 415, 358
494, 412, 125, 126, 415
495, 415, 126, 127, 414
496, 358, 415, 414, 284
497, 284, 414, 417, 361
498, 414, 127, 128, 417
499, 417, 128, 129, 416
500, 361, 417, 416, 285
501, 285, 416, 418, 364
502, 416, 129, 130, 418
503, 418, 130, 6, 133
504, 364, 418, 133, 132
*ELEMENT, type=CPS4, ELSET=Surface3
505, 2, 20, 420, 78
506, 20, 3, 134, 420
507, 420, 134, 135, 419
508, 78, 420, 419, 79
509, 79, 419, 422, 80
510, 419, 135, 136, 422
511, 422, 136, 137, 421
512, 80, 422, 421, 81
513, 81, 421, 424, 82
514, 421, 137, 138, 424
515, 424, 138, 139, 423
516, 82, 424, 423, 83
517, 83, 423, 426, 84
518, 423, 139, 140, 426
519, 426, 140, 141, 425
520, 84, 426, 425, 85
521, 85, 425, 428, 86
522, 425, 141, 142, 428
523, 428, 142, 143, 427
524, 86, 428, 427, 87
525, 87, 427, 430, 88
526, 427, 143, 144, 430
527, 430, 144, 145, 429
528, 88, 430, 429, 89
529, 89, 429, 432, 90
530, 429, 145, 146, 432
531, 432, 146, 147, 431
532, 90, 432, 431, 91
533, 91, 431, 434, 92
534, 431, 147, 148, 434
535, 434, 148, 149, 433
536, 92, 434, 433, 93
537, 93, 433, 436, 94
538, 433, 149, 150, 436
539, 436, 150, 151, 435
540, 94, 436, 435, 95
541, 95, 435, 438, 96
542, 435, 151, 152, 438
543, 438, 152, 153, 437
544, 96, 438, 437, 97
545, 97, 437, 440, 98
546, 437, 153, 154, 440
547, 440, 154, 155, 439
548, 98, 440, 439, 99
549, 99, 439, 442, 100
550, 439, 155, 156, 442
551, 442, 156, 157, 441
552, 100, 442, 441, 101
553, 101, 441, 444, 102
554, 441, 157, 158, 444
555, 444, 158, 159, 443
556, 102, 444, 443, 103
557, 103, 443, 446, 104
558, 443, 159, 160, 446
559, 446, 160, 161, 445
560, 104, 446, 445, 105
561, 105, 445, 448, 106
562, 445, 161, 162, 448
563, 448, 162, 163, 447
564, 106, 448, 447, 107
565, 107, 447, 450, 108
566, 447, 163, 164, 450
567, 450, 164, 165, 449
568, 108, 450, 449, 109
569, 109, 449, 452, 110
570, 449, 165, 166, 452
571, 452, 166, 167, 451
572, 110, 452, 451, 111
573, 111, 451, 454, 112
574, 451, 167, 168, 454
575, 454, 168, 169, 453
576, 112, 454, 453, 113
577, 113, 453, 456, 114
578, 453, 169, 170, 456
579, 456, 170, 171, 455
580, 114, 456, 455, 115
581, 115, 455, 458, 116
582, 455, 171, 172, 458
583, 458, 172, 173, 457
584, 116, 458, 457, 117
585, 117, 457, 460, 118
586, 457, 173, 174, 460
587, 460, 174, 175, 459
588, 118, 460, 459, 119
589, 119, 459, 462, 120
590, 459, 175, 176, 462
591, 462, 176, 177, 461
592, 120, 462, 461, 121
593, 121, 461, 464, 122
594, 461, 177, 178, 464
595, 464, 178, 179, 463
596, 122, 464, 463, 123
597, 123, 463, 466, 124
598, 463, 179, 180, 466
599, 466, 180, 181, 465
600, 124, 466, 465, 125
601, 125, 465, 468, 126
602, 465, 181, 182, 468
603, 468, 182, 183, 467
604, 126, 468, 467, 127
605, 127, 467, 470, 128
606, 467, 183, 184, 470
607, 470, 184, 185, 469
608, 128, 470, 469, 129
609, 129, 469, 471, 130
610, 469, 185, 186, 471
611, 471, 186, 7, 187
612, 130, 471, 187, 6
*ELEMENT, type=CPS4, ELSET=Surface4
613, 3, 21, 500, 134
614, 21, 22, 498, 500
615, 500, 498, 472, 499
616, 134, 500, 499, 135
617, 135, 499, 503, 136
618, 499, 472, 501, 503
619, 503, 501, 473, 502
620, 136, 503, 502, 137
621, 137, 502, 506, 138
622, 502, 473, 504, 506
623, 506, 504, 474, 505
624, 138, 506, 505, 139
625, 139, 505, 509, 140
626, 505, 474, 507, 509
627, 509, 507, 475, 508
628, 140, 509, 508, 141
629, 141, 508, 512, 142
630, 508, 475, 510, 512
631, 512, 510, 476, 511
632, 142, 512, 511, 143
633, 143, 511, 515, 144
634, 511, 476, 513, 515
635, 515, 513, 477, 514
636, 144, 515, 514, 145
637, 145, 514, 518, 146
638, 514, 477, 516, 518
639, 518, 516, 478, 517
640, 146, 518, 517, 147
641, 147, 517, 521, 148
642, 517, 478, 519, 521
643, 521, 519, 479, 520
644, 148, 521, 520, 149
645, 149, 520, 524, 150
646, 520, 479, 522, 524
647, 524, 522, 480, 523
648, 150, 524, 523, 151
649, 151, 523, 527, 152
650, 523, 480, 525, 527
651, 527, 525, 481, 526
652, 152, 527, 526, 153
653, 153, 526, 530, 154
654, 526, 481, 528, 530
655, 530, 528, 482, 529
656, 154, 530, 529, 155
657, 155, 529, 533, 156
658, 529, 482, 531, 533
659, 533, 531, 483, 532
660, 156, 533, 532, 157
661, 157, 532, 536, 158
662, 532, 483, 534, 536
663, 536, 534, 484, 535
664, 158, 536, 535, 159
665, 159, 535, 539, 160
666, 535, 484, 537, 539
667, 539, 537, 485, 538
668, 160, 539, 538, 161
669, 161, 538, 542, 162
670, 538, 485, 540, 542
671, 542, 540, 486, 541
672, 162, 542, 541, 163
673, 163, 541, 545, 164
674, 541, 486, 543, 545
675, 545, 543, 487, 544
676, 164, 545, 544, 165
677, 165, 544, 548, 166
678, 544, 487, 546, 548
679, 548, 546, 488, 547
680, 166, 548, 547, 167
681, 167, 547, 551, 168
682, 547, 488, 549, 551
683, 551, 549, 489, 550
684, 168, 551, 550, 169
685, 169, 550, 554, 170
686, 550, 489, 552, 554
687, 554, 552, 490, 553
688, 170, 554, 553, 171
689, 171, 553, 557, 172
690, 553, 490, 555, 557
691, 557, 555, 491, 556
692, 172, 557, 556, 173
693, 173, 556, 560, 174
694, 556, 491, 558, 560
695, 560, 558, 492, 559
696, 174, 560, 559, 175
697, 175, 559, 563, 176
698, 559, 492, 561, 563
699, 563, 561, 493, 562
700, 176, 563, 562, 177
701, 177, 562, 566, 178
702, 562, 493, 564, 566
703, 566, 564, 494, 565
704, 178, 566, 565, 179
705, 179, 565, 569, 180
706, 565, 494, 567, 569
707, 569, 567, 495, 568
708, 180, 569, 568, 181
709, 181, 568, 572, 182
710, 568, 495, 570, 572
711, 572, 570, 496, 571
712, 182, 572, 571, 183
713, 183, 571, 575, 184
714, 571, 496, 573, 575
715, 575, 573, 497, 574
716, 184, 575, 574, 185
717, 185, 574, 577, 186
718, 574, 497, 576, 577
719, 577, 576, 242, 241
720, 186, 577, 241, 7
721, 22, 23, 579, 498
722, 23, 4, 188, 579
723, 579, 188, 189, 578
724, 498, 579, 578, 472
725, 472, 578, 581, 501
726, 578, 189, 190, 581
727, 581, 190, 191, 580
728, 501, 581, 580, 473
729, 473, 580, 583, 504
730, 580, 191, 192, 583
731, 583, 192, 193, 582
732, 504, 583, 582, 474
733, 474, 582, 585, 507
734, 582, 193, 194, 585
735, 585, 194, 195, 584
736, 507, 585, 584, 475
737, 475, 584, 587, 510
